170101011208
170101011106
170101011201
170101011202
170101011203
170101011204
170101011205
170101011206
170101011207
170101011105
170101011104
170101011003
170101010908
170101011101
170101011102
170101011103
170101011002
170101010907
170101010904
170101010905
170101010806
170101010903
170101010606
170101010902
170101011001
170101010906
170101010804
170101010805
170101010707
170101010802
170101010803
170101010602
170101010603
170101010605
170101010604
170101010901
170101010704
170101010705
170101010706
170101010801
170101010509
170101010601
170101010701
170101010702
170101010703
170101010508
170101060809
170101010407
170101010507
170101010504
170101060808
170101060711
170101010307
170101010402
170101010406
170101010401
170101010405
780133100000
780120440000
170101010506
170101010501
170101010503
170101060805
170101060806
170101060807
170101060708
170101060710
170101010306
170101010403
170101010404
780131710000
780120460000
170101010505
170101010502
170101060803
170101060804
170101060706
170101060707
170101060709
170101010205
170101010302
170101010303
170101010305
170101010107
170101010304
780127250000
780120520000
170101060802
170101060705
170101010204
170101010202
170101010203
170101010301
170101010104
170101010106
780132660000
780132050000
780134910000
780120530000
170101060605
170101060801
170101060701
170101060702
170101060703
170101060704
170101010201
170101010103
170101010105
780122940000
780120570000
170101060510
170101060604
170101060303
170101060407
170101060602
170101010102
780133220000
780122950000
780133660000
780120600000
170101060508
170101060509
170101060603
170101060207
170101060302
170101060403
170101060404
170101060406
170101060405
170101060601
170101010101
780125420000
780122960000
780124240000
780120640000
170101060503
170101060505
170101060507
170101060204
170101060205
170101060206
170101060301
170101060107
170101060401
170101060402
780132250000
780131790000
780131150000
780132960000
780122990000
780134120000
780124940000
780134550000
780120700000
170101060502
170101060504
170101060506
780132990000
170101060202
170101060203
170101060106
170101060104
780132870000
780123000000
780134400000
780126960000
780135230000
780120710000
170101060501
170101060201
170101060105
170101060103
170101060102
780133480000
780124870000
780123070000
780135490000
780135280000
780135100000
780120770000
170101060101
780132430000
780131360000
780134460000
780123160000
780136140000
780121330000
780120800000
780126870000
780123300000
780136210000
780121370000
780120910000
780122140000
780134170000
780133960000
780125750000
780123490000
780135970000
780121430000
780109340000
780101760000
780136040000
780122340000
780131690000
780132370000
780132160000
780123700000
780110530000
780102900000
780102420000
780101770000
780122880000
780124270000
780124950000
780124110000
780103240000
780103220000
780108550000
780102450000
780109950000
780101780000
780136260000
780124750000
780133240000
780125320000
780124350000
780124330000
780135610000
780135550000
780109710000
780109610000
780109440000
780102750000
780111260000
780101790000
780135220000
780124990000
780133670000
780125920000
780134040000
780126880000
780125650000
780125180000
780109360000
780102930000
780111530000
780101800000
780136750000
780126450000
780131910000
780133130000
780135700000
780135190000
780135340000
780126660000
780134370000
780126060000
780109860000
780103020000
780112360000
780101810000
780136520000
780127230000
780136390000
780136030000
780134720000
780127270000
780103330000
780103060000
780102600000
780101820000
780136160000
780135990000
780135870000
780135410000
780103290000
780109200000
780112200000
780102640000
780112830000
780101830000
780108250000
780102770000
780113260000
780101840000
780110270000
780110140000
780103340000
780104880000
780101860000
780113290000
780104970000
780109790000
780105030000
780115070000
780101870000
780107840000
780105720000
780110410000
780111030000
780105120000
780105590000
780101880000
780115860000
780115290000
780114640000
780106770000
780108330000
780105520000
780105940000
780115700000
780116340000
780101890000
780114490000
780107430000
780113360000
780112970000
780111120000
780106870000
780108980000
780106520000
780117310000
780101910000
780114540000
780108810000
780113830000
780112480000
780116420000
780116230000
780109060000
780106860000
780117190000
780102690000
780101970000
780115430000
780115100000
780116950000
780116940000
780117870000
780116890000
780117770000
780102860000
780103400000
780102020000
780118320000
780102970000
780092070000
780088960000
780117890000
780102070000
780118500000
780103130000
780092280000
780089140000
780118270000
780102100000
780103560000
780103490000
780093080000
780089730000
780103500000
780102180000
780091540000
780090770000
780093740000
780093370000
780085810000
780091610000
780091960000
780091820000
